 1.00000000e+00 -1.02929578e+01  6.77597146e-08 
 1.12261258e+00 -1.02929578e+01  7.60679083e-08 
 1.26025901e+00 -1.02929578e+01  8.53947911e-08 
 1.41478263e+00 -1.02929578e+01  9.58652671e-08 
 1.58825278e+00 -1.02929578e+01  1.07619555e-07 
 1.78299256e+00 -1.02929578e+01  1.20815067e-07 
 2.00160988e+00 -1.02929578e+01  1.35628514e-07 
 2.24703244e+00 -1.02929578e+01  1.52258277e-07 
 2.52254690e+00 -1.02929578e+01  1.70927058e-07 
 2.83184289e+00 -1.02929578e+01  1.91884866e-07 
 3.17906246e+00 -1.02929578e+01  2.15412365e-07 
 3.56885553e+00 -1.02929578e+01  2.41824632e-07 
 4.00644212e+00 -1.02929578e+01  2.71475375e-07 
 4.49768235e+00 -1.02929578e+01  3.04761672e-07 
 5.04915480e+00 -1.02929578e+01  3.42129288e-07 
 5.66824472e+00 -1.02929578e+01  3.84078644e-07 
 6.36324285e+00 -1.02929578e+01  4.31171519e-07 
 7.14345649e+00 -1.02929578e+01  4.84038573e-07 
 8.01933415e+00 -1.02929578e+01  5.43387793e-07 
 9.00260543e+00 -1.02929578e+01  6.10013975e-07 
 1.01064381e+01 -1.02929578e+01  6.84809365e-07 
 1.13456146e+01 -1.02929578e+01  7.68775610e-07 
 1.27367298e+01 -1.02929578e+01  8.63037174e-07 
 1.42984131e+01 -1.02929578e+01  9.68856392e-07 
 1.60515785e+01 -1.02929578e+01  1.08765038e-06 
 1.80197040e+01 -1.02929578e+01  1.22101000e-06 
 2.02291465e+01 -1.02929578e+01  1.37072119e-06 
 2.27094944e+01 -1.02929578e+01  1.53878886e-06 
 2.54939642e+01 -1.02929578e+01  1.72746374e-06 
 2.86198450e+01 -1.02929578e+01  1.93927253e-06 
 3.21289982e+01 -1.02929578e+01  2.17705175e-06 
 3.60684176e+01 -1.02929578e+01  2.44398569e-06 
 4.04908595e+01 -1.02929578e+01  2.74364909e-06 
 4.54555484e+01 -1.02929578e+01  3.08005499e-06 
 5.10289707e+01 -1.02929578e+01  3.45770849e-06 
 5.72857646e+01 -1.02929578e+01  3.88166706e-06 
 6.43097203e+01 -1.02929578e+01  4.35760829e-06 
 7.21949012e+01 -1.02929578e+01  4.89190590e-06 
 8.10469046e+01 -1.02929578e+01  5.49171513e-06 
 9.09842750e+01 -1.02929578e+01  6.16506851e-06 
 1.02140092e+02 -1.02929578e+01  6.92098349e-06 
 1.14663753e+02 -1.02929578e+01  7.76958316e-06 
 1.28722972e+02 -1.02929578e+01  8.72223182e-06 
 1.44506028e+02 -1.02929578e+01  9.79168720e-06 
 1.62224285e+02 -1.02929578e+01  1.09922713e-05 
 1.82115024e+02 -1.02929578e+01  1.23400621e-05 
 2.04444618e+02 -1.02929578e+01  1.38531089e-05 
 2.29512101e+02 -1.02929578e+01  1.55516744e-05 
 2.57653172e+02 -1.02929578e+01  1.74585054e-05 
 2.89244693e+02 -1.02929578e+01  1.95991379e-05 
 3.24709733e+02 -1.02929578e+01  2.20022388e-05 
 3.64523232e+02 -1.02929578e+01  2.46999902e-05 
 4.09218367e+02 -1.02929578e+01  2.77285198e-05 
 4.59393689e+02 -1.02929578e+01  3.11283852e-05 
 5.15721136e+02 -1.02929578e+01  3.49451170e-05 
 5.78955037e+02 -1.02929578e+01  3.92298281e-05 
 6.49942210e+02 -1.02929578e+01  4.40398987e-05 
 7.29633304e+02 -1.02929578e+01  4.94397444e-05 
 8.19095529e+02 -1.02929578e+01  5.55016792e-05 
 9.19526948e+02 -1.02929578e+01  6.23068836e-05 
 1.03227252e+03 -1.02929578e+01  6.99464915e-05 
 1.15884212e+03 -1.02929578e+01  7.85228116e-05 
 1.30093075e+03 -1.02929578e+01  8.81506964e-05 
 1.46044123e+03 -1.02929578e+01  9.89590811e-05 
 1.63950971e+03 -1.02929578e+01  1.11092710e-04 
 1.84053423e+03 -1.02929578e+01  1.24714074e-04 
 2.06620688e+03 -1.02929578e+01  1.40005589e-04 
 2.31954985e+03 -1.02929578e+01  1.57172036e-04 
 2.60395585e+03 -1.02929578e+01  1.76443305e-04 
 2.92323360e+03 -1.02929578e+01  1.98077475e-04 
 3.28165883e+03 -1.02929578e+01  2.22364266e-04 
 3.68403150e+03 -1.02929578e+01  2.49628923e-04 
 4.13574012e+03 -1.02929578e+01  2.80236570e-04 
 4.64283390e+03 -1.02929578e+01  3.14597100e-04 
 5.21210376e+03 -1.02929578e+01  3.53170663e-04 
 5.85117327e+03 -1.02929578e+01  3.96473831e-04 
 6.56860075e+03 -1.02929578e+01  4.45086512e-04 
 7.37399386e+03 -1.02929578e+01  4.99659719e-04 
 8.27813830e+03 -1.02929578e+01  5.60924288e-04 
 9.29314222e+03 -1.02929578e+01  6.29700664e-04 
 1.04325984e+04 -1.02929578e+01  7.06909889e-04 
 1.17117663e+04 -1.02929578e+01  7.93585937e-04 
 1.31477762e+04 -1.02929578e+01  8.90889559e-04 
 1.47598590e+04 -1.02929578e+01  1.00012383e-03 
 1.65696034e+04 -1.02929578e+01  1.12275159e-03 
 1.86012453e+04 -1.02929577e+01  1.26041507e-03 
 2.08819921e+04 -1.02929577e+01  1.41495781e-03 
 2.34423871e+04 -1.02929577e+01  1.58844944e-03 
 2.63167187e+04 -1.02929576e+01  1.78321333e-03 
 2.95434796e+04 -1.02929576e+01  2.00185772e-03 
 3.31658820e+04 -1.02929575e+01  2.24731066e-03 
 3.72324365e+04 -1.02929575e+01  2.52285921e-03 
 4.17976017e+04 -1.02929574e+01  2.83219348e-03 
 4.69225137e+04 -1.02929572e+01  3.17945602e-03 
 5.26758043e+04 -1.02929571e+01  3.56929731e-03 
 5.91345208e+04 -1.02929569e+01  4.00693802e-03 
 6.63851572e+04 -1.02929566e+01  4.49823898e-03 
 7.45248128e+04 -1.02929563e+01  5.04977959e-03 
 8.36624927e+04 -1.02929559e+01  5.66894598e-03 
 9.39205671e+04 -1.02929554e+01  6.36402991e-03 
 1.05436411e+05 -1.02929548e+01  7.14433979e-03 
 1.18364241e+05 -1.02929540e+01  8.02032538e-03 
 1.32877187e+05 -1.02929530e+01  9.00371766e-03 
 1.49169602e+05 -1.02929518e+01  1.01076860e-02 
 1.67459672e+05 -1.02929502e+01  1.13470144e-02 
 1.87992335e+05 -1.02929482e+01  1.27382997e-02 
 2.11042561e+05 -1.02929457e+01  1.43001734e-02 
 2.36919035e+05 -1.02929425e+01  1.60535515e-02 
 2.65968290e+05 -1.02929385e+01  1.80219147e-02 
 2.98579349e+05 -1.02929335e+01  2.02316221e-02 
 3.35188935e+05 -1.02929271e+01  2.27122650e-02 
 3.76287316e+05 -1.02929192e+01  2.54970624e-02 
 4.22424877e+05 -1.02929091e+01  2.86233059e-02 
 4.74219482e+05 -1.02928964e+01  3.21328591e-02 
 5.32364758e+05 -1.02928804e+01  3.60727176e-02 
 5.97639377e+05 -1.02928603e+01  4.04956381e-02 
 6.70917485e+05 -1.02928349e+01  4.54608441e-02 
 7.53180411e+05 -1.02928029e+01  5.10348182e-02 
 8.45529808e+05 -1.02927625e+01  5.72921914e-02 
 9.49202402e+05 -1.02927117e+01  6.43167402e-02 
 1.06558656e+06 -1.02926476e+01  7.22025061e-02 
 1.19624088e+06 -1.02925669e+01  8.10550519e-02 
 1.34291507e+06 -1.02924652e+01  9.09928694e-02 
 1.50757336e+06 -1.02923370e+01  1.02148959e-01 
 1.69242082e+06 -1.02921754e+01  1.14672603e-01 
 1.89993291e+06 -1.02919718e+01  1.28731344e-01 
 2.13288859e+06 -1.02917152e+01  1.44513216e-01 
 2.39440757e+06 -1.02913918e+01  1.62229227e-01 
 2.68799207e+06 -1.02909842e+01  1.82116147e-01 
 3.01757373e+06 -1.02904707e+01  2.04439618e-01 
 3.38756624e+06 -1.02898235e+01  2.29497632e-01 
 3.80292449e+06 -1.02890079e+01  2.57624401e-01 
 4.26921089e+06 -1.02879803e+01  2.89194672e-01 
 4.79266987e+06 -1.02866853e+01  3.24628508e-01 
 5.38031150e+06 -1.02850536e+01  3.64396585e-01 
 6.04000540e+06 -1.02829976e+01  4.09026031e-01 
 6.78058607e+06 -1.02804074e+01  4.59106822e-01 
 7.61197124e+06 -1.02771441e+01  5.15298756e-01 
 8.54529471e+06 -1.02730333e+01  5.78338972e-01 
 9.59305537e+06 -1.02678555e+01  6.49049967e-01 
 1.07692847e+07 -1.02613348e+01  7.28347995e-01 
 1.20897345e+07 -1.02531242e+01  8.17251654e-01 
 1.35720881e+07 -1.02427882e+01  9.16890335e-01 
 1.52361969e+07 -1.02297803e+01  1.02851205e+00 
 1.71043463e+07 -1.02134160e+01  1.15348993e+00 
 1.92015544e+07 -1.01928383e+01  1.29332623e+00 
 2.15559066e+07 -1.01669773e+01  1.44965249e+00 
 2.41989321e+07 -1.01345001e+01  1.62422348e+00 
 2.71660256e+07 -1.00937508e+01  1.81890208e+00 
 3.04969222e+07 -1.00426804e+01  2.03563099e+00 
 3.42362287e+07 -9.97876590e+00  2.27638592e+00 
 3.84340211e+07 -9.89891924e+00  2.54310316e+00 
 4.31465158e+07 -9.79939055e+00  2.83757303e+00 
 4.84368216e+07 -9.67567158e+00  3.16128872e+00 
 5.43757854e+07 -9.52241156e+00  3.51523943e+00 
 6.10429410e+07 -9.33336463e+00  3.89963720e+00 
 6.85275737e+07 -9.10139703e+00  4.31357055e+00 
 7.69299166e+07 -8.81859318e+00  4.75458691e+00 
 8.63624924e+07 -8.47650943e+00  5.21822227e+00 
 9.69516208e+07 -8.06662904e+00  5.69752241e+00 
 1.08839109e+08 -7.58106437e+00  6.18263565e+00 
 1.22184154e+08 -7.01352340e+00  6.66059714e+00 
 1.37165469e+08 -6.36049891e+00  7.11545699e+00 
 1.53983681e+08 -5.62255005e+00  7.52890663e+00 
 1.72864018e+08 -4.80544248e+00  7.88150483e+00 
 1.94059322e+08 -3.92083480e+00  8.15447933e+00 
 2.17853437e+08 -2.98619756e+00  8.33189585e+00 
 2.44565010e+08 -2.02377299e+00  8.40280094e+00 
 2.74551758e+08 -1.05862152e+00  8.36284725e+00 
 3.08215258e+08 -1.16081572e-01  8.21497646e+00 
 3.46006328e+08  7.80830864e-01  7.96896957e+00 
 3.88431057e+08  1.61353478e+00  7.63999102e+00 
 4.36057593e+08  2.36912983e+00  7.24651436e+00 
 4.89523741e+08  3.04066979e+00  6.80812211e+00 
 5.49545512e+08  3.62661426e+00  6.34360440e+00 
 6.16926707e+08  4.12975753e+00  5.86960586e+00 
 6.92569685e+08  4.55595574e+00  5.39987992e+00 
 7.77487444e+08  4.91290632e+00  4.94506924e+00 
 8.72817188e+08  5.20913147e+00  4.51286332e+00 
 9.79835559e+08  5.45322390e+00  4.10837734e+00 
 1.09997573e+09  5.65334730e+00  3.73462383e+00 
 1.23484659e+09  5.81694977e+00  3.39298865e+00 
 1.38625433e+09  5.95063701e+00  3.08366009e+00 
 1.55622655e+09  6.06015465e+00  2.80598728e+00 
 1.74703951e+09  6.15043867e+00  2.55876288e+00 
 1.96124854e+09  6.22570295e+00  2.34043479e+00 
 2.20172229e+09  6.28954249e+00  2.14925604e+00 
 2.47168115e+09  6.34503831e+00  1.98338330e+00 
 2.77474036e+09  6.39485454e+00  1.84093365e+00 
 3.11495845e+09  6.44132154e+00  1.72000801e+00 
 3.49689155e+09  6.48650034e+00  1.61868875e+00 
 3.92565446e+09  6.53222419e+00  1.53501861e+00 
 4.40698909e+09  6.58011351e+00  1.46696882e+00 
 4.94734141e+09  6.63156135e+00  1.41240617e+00 
 5.55394773e+09  6.68768889e+00  1.36907126e+00 
 6.23493161e+09  6.74927546e+00  1.33458227e+00 
 6.99941268e+09  6.81667449e+00  1.30647849e+00 
 7.85762876e+09  6.88973563e+00  1.28231343e+00 
 8.82107293e+09  6.96775994e+00  1.25979673e+00 
 9.90264747e+09  7.04951538e+00  1.23696881e+00 
 1.11168367e+10  7.13333048e+00  1.21237605e+00 
 1.24799007e+10  7.21726412e+00  1.18520561e+00 
 1.40100936e+10  7.29932568e+00  1.15534332e+00 
 1.57279074e+10  7.37770253e+00  1.12333719e+00 
 1.76563467e+10  7.45094864e+00  1.09027568e+00 
 1.98212370e+10  7.51810157e+00  1.05761211e+00 
 2.22515701e+10  7.57871807e+00  1.02697660e+00 
 2.49798926e+10  7.63284015e+00  1.00001144e+00 
 2.80427418e+10  7.68091667e+00  9.78251949e-01 
 3.14811349e+10  7.72370810e+00  9.63057919e-01 
 3.53411182e+10  7.76219652e+00  9.55589061e-01 
 3.96743840e+10  7.79751472e+00  9.56811281e-01 
 4.45389627e+10  7.83089979e+00  9.67519647e-01 
 5.00000000e+10  7.86367129e+00  9.88365787e-01 
