-4.00000000e+01  4.39089768e-11 
-3.90000000e+01  4.42700044e-11 
-3.80000000e+01  4.46229988e-11 
-3.70000000e+01  4.50024896e-11 
-3.60000000e+01  4.53587118e-11 
-3.50000000e+01  4.57459796e-11 
-3.40000000e+01  4.61101682e-11 
-3.30000000e+01  4.64812896e-11 
-3.20000000e+01  4.68516531e-11 
-3.10000000e+01  4.72250917e-11 
-3.00000000e+01  4.76109814e-11 
-2.90000000e+01  4.79920924e-11 
-2.80000000e+01  4.83583167e-11 
-2.70000000e+01  4.87499959e-11 
-2.60000000e+01  4.91221562e-11 
-2.50000000e+01  4.95212366e-11 
-2.40000000e+01  4.99183204e-11 
-2.30000000e+01  5.02923789e-11 
-2.20000000e+01  5.06939983e-11 
-2.10000000e+01  5.10986912e-11 
-2.00000000e+01  5.14806939e-11 
-1.90000000e+01  5.18997322e-11 
-1.80000000e+01  5.22937096e-11 
-1.70000000e+01  5.27053089e-11 
-1.60000000e+01  5.31097394e-11 
-1.50000000e+01  5.35163659e-11 
-1.40000000e+01  5.39288103e-11 
-1.30000000e+01  5.43577388e-11 
-1.20000000e+01  5.47686425e-11 
-1.10000000e+01  5.51995824e-11 
-1.00000000e+01  5.56330308e-11 
-9.00000000e+00  5.60574799e-11 
-8.00000000e+00  5.65028555e-11 
-7.00000000e+00  5.69382725e-11 
-6.00000000e+00  5.73961433e-11 
-5.00000000e+00  5.78400271e-11 
-4.00000000e+00  5.83029613e-11 
-3.00000000e+00  5.87818795e-11 
-2.00000000e+00  5.92562813e-11 
-1.00000000e+00  5.97474932e-11 
 0.00000000e+00  6.02189065e-11 
 1.00000000e+00  6.07334650e-11 
 2.00000000e+00  6.12527234e-11 
 3.00000000e+00  6.17791288e-11 
 4.00000000e+00  6.22989456e-11 
 5.00000000e+00  6.28408072e-11 
 6.00000000e+00  6.33773428e-11 
 7.00000000e+00  6.39575307e-11 
 8.00000000e+00  6.45394730e-11 
 9.00000000e+00  6.51276596e-11 
 1.00000000e+01  6.57217901e-11 
 1.10000000e+01  6.63165972e-11 
 1.20000000e+01  6.69413310e-11 
 1.30000000e+01  6.76003780e-11 
 1.40000000e+01  6.82224461e-11 
 1.50000000e+01  6.88738732e-11 
 1.60000000e+01  6.95103347e-11 
 1.70000000e+01  7.01629576e-11 
 1.80000000e+01  7.08224880e-11 
 1.90000000e+01  7.14979946e-11 
 2.00000000e+01  7.21583130e-11 
 2.10000000e+01  7.28232954e-11 
 2.20000000e+01  7.34958409e-11 
 2.30000000e+01  7.41532157e-11 
 2.40000000e+01  7.48123044e-11 
 2.50000000e+01  7.54740995e-11 
 2.60000000e+01  7.60986277e-11 
 2.70000000e+01  7.67197689e-11 
 2.80000000e+01  7.73711783e-11 
 2.90000000e+01  7.79776501e-11 
 3.00000000e+01  7.85731596e-11 
 3.10000000e+01  7.91417761e-11 
 3.20000000e+01  7.97173759e-11 
 3.30000000e+01  8.02542038e-11 
 3.40000000e+01  8.07963191e-11 
 3.50000000e+01  8.12947127e-11 
 3.60000000e+01  8.17991846e-11 
 3.70000000e+01  8.22833492e-11 
 3.80000000e+01  8.27395583e-11 
 3.90000000e+01  8.31957198e-11 
 4.00000000e+01  8.36428163e-11 
 4.10000000e+01  8.40757452e-11 
 4.20000000e+01  8.45069816e-11 
 4.30000000e+01  8.49493113e-11 
 4.40000000e+01  8.53886063e-11 
 4.50000000e+01  8.58268199e-11 
 4.60000000e+01  8.62892816e-11 
 4.70000000e+01  8.67509719e-11 
 4.80000000e+01  8.72537395e-11 
 4.90000000e+01  8.77776685e-11 
 5.00000000e+01  8.83314435e-11 
 5.10000000e+01  8.88981713e-11 
 5.20000000e+01  8.95203073e-11 
 5.30000000e+01  9.01728049e-11 
 5.40000000e+01  9.09000075e-11 
 5.50000000e+01  9.16440336e-11 
 5.60000000e+01  9.24747595e-11 
 5.70000000e+01  9.33847535e-11 
 5.80000000e+01  9.43580749e-11 
 5.90000000e+01  9.53789640e-11 
 6.00000000e+01  9.65002940e-11 
 6.10000000e+01  9.77388779e-11 
 6.20000000e+01  9.90431291e-11 
 6.30000000e+01  1.00482640e-10 
 6.40000000e+01  1.02051068e-10 
 6.50000000e+01  1.03738991e-10 
 6.60000000e+01  1.05564435e-10 
 6.70000000e+01  1.07570394e-10 
 6.80000000e+01  1.09729604e-10 
 6.90000000e+01  1.12079525e-10 
 7.00000000e+01  1.14644106e-10 
 7.10000000e+01  1.17451454e-10 
 7.20000000e+01  1.20508607e-10 
 7.30000000e+01  1.23811926e-10 
 7.40000000e+01  1.27425251e-10 
 7.50000000e+01  1.31362839e-10 
 7.60000000e+01  1.35655497e-10 
 7.70000000e+01  1.40344755e-10 
 7.80000000e+01  1.45456195e-10 
 7.90000000e+01  1.51031073e-10 
 8.00000000e+01  1.57106627e-10 
 8.10000000e+01  1.63735154e-10 
 8.20000000e+01  1.70995656e-10 
 8.30000000e+01  1.78897482e-10 
 8.40000000e+01  1.87503359e-10 
 8.50000000e+01  1.96935982e-10 
 8.60000000e+01  2.07196677e-10 
 8.70000000e+01  2.18396148e-10 
 8.80000000e+01  2.30634774e-10 
 8.90000000e+01  2.43974786e-10 
 9.00000000e+01  2.58528633e-10 
 9.10000000e+01  2.74392884e-10 
 9.20000000e+01  2.91695245e-10 
 9.30000000e+01  3.10583436e-10 
 9.40000000e+01  3.31152525e-10 
 9.50000000e+01  3.53567714e-10 
 9.60000000e+01  3.77995899e-10 
 9.70000000e+01  4.04613795e-10 
 9.80000000e+01  4.33598750e-10 
 9.90000000e+01  4.65171857e-10 
 1.00000000e+02  4.99499957e-10 
 1.01000000e+02  5.36891444e-10 
 1.02000000e+02  5.77529256e-10 
 1.03000000e+02  6.21744239e-10 
 1.04000000e+02  6.69827730e-10 
 1.05000000e+02  7.22044091e-10 
 1.06000000e+02  7.78787466e-10 
 1.07000000e+02  8.40445867e-10 
 1.08000000e+02  9.07392065e-10 
 1.09000000e+02  9.80037845e-10 
 1.10000000e+02  1.05885612e-09 
 1.11000000e+02  1.14436344e-09 
 1.12000000e+02  1.23709366e-09 
 1.13000000e+02  1.33759751e-09 
 1.14000000e+02  1.44654595e-09 
 1.15000000e+02  1.56451951e-09 
 1.16000000e+02  1.69232221e-09 
 1.17000000e+02  1.83066248e-09 
 1.18000000e+02  1.98039487e-09 
 1.19000000e+02  2.14239075e-09 
 1.20000000e+02  2.31760560e-09 
 1.21000000e+02  2.50701463e-09 
 1.22000000e+02  2.71176451e-09 
 1.23000000e+02  2.93300728e-09 
 1.24000000e+02  3.17198715e-09 
 1.25000000e+02  3.43004697e-09 
