 1.00000000e+00  1.36266162e+04 -4.19844559e+00 
 1.26163486e+00  1.36266154e+04 -5.29690501e+00 
 1.59172251e+00  1.36266142e+04 -6.68275939e+00 
 2.00817260e+00  1.36266123e+04 -8.43120099e+00 
 2.53358055e+00  1.36266092e+04 -1.06370946e+01 
 3.19645354e+00  1.36266043e+04 -1.34201245e+01 
 4.03275720e+00  1.36265964e+04 -1.69312872e+01 
 5.08786706e+00  1.36265840e+04 -2.13610826e+01 
 6.41903043e+00  1.36265642e+04 -2.69498472e+01 
 8.09847253e+00  1.36265326e+04 -3.40007879e+01 
 1.02173152e+01  1.36264824e+04 -4.28964211e+01 
 1.28905210e+01  1.36264025e+04 -5.41193028e+01 
 1.62631307e+01  1.36262754e+04 -6.82781615e+01 
 2.05181325e+01  1.36260729e+04 -8.61408289e+01 
 2.58863912e+01  1.36257507e+04 -1.08675703e+02 
 3.26591735e+01  1.36252379e+04 -1.37103894e+02 
 4.12039516e+01  1.36244217e+04 -1.72964690e+02 
 5.19843416e+01  1.36231228e+04 -2.18197478e+02 
 6.55852574e+01  1.36210557e+04 -2.75243775e+02 
 8.27446468e+01  1.36177668e+04 -3.47173295e+02 
 1.04393531e+02  1.36125351e+04 -4.37837659e+02 
 1.31706517e+02  1.36042159e+04 -5.52053670e+02 
 1.66165533e+02  1.35909950e+04 -6.95813303e+02 
 2.09640228e+02  1.35700039e+04 -8.76506504e+02 
 2.64489419e+02  1.35367254e+04 -1.10311932e+03 
 3.33689070e+02  1.34840905e+04 -1.38632243e+03 
 4.20993763e+02  1.34011495e+04 -1.73827460e+03 
 5.31140405e+02  1.32712146e+04 -2.17180475e+03 
 6.70105249e+02  1.30695124e+04 -2.69838133e+03 
 8.45428140e+02  1.27608057e+04 -3.32396132e+03 
 1.06662161e+03  1.22984206e+04 -4.04167393e+03 
 1.34568700e+03  1.16277783e+04 -4.82106487e+03 
 1.69776563e+03  1.06991148e+04 -5.59665770e+03 
 2.14196030e+03  9.49239280e+03 -6.26457838e+03 
 2.70237177e+03  8.04762358e+03 -6.70069698e+03 
 3.40940642e+03  6.47816861e+03 -6.80522092e+03 
 4.30142598e+03  4.94355715e+03 -6.55193456e+03 
 5.42682896e+03  3.58989179e+03 -6.00281704e+03 
 6.84667657e+03  2.50013655e+03 -5.27457168e+03 
 8.63800582e+03  1.68559937e+03 -4.48680345e+03 
 1.08980092e+04  1.10992720e+03 -3.72779060e+03 
 1.37493083e+04  7.18984491e+02 -3.04701732e+03 
 1.73466066e+04  4.60633835e+02 -2.46347372e+03 
 2.18850836e+04  2.92967978e+02 -1.97747024e+03 
 2.76109843e+04  1.85430066e+02 -1.58002822e+03 
 3.48349802e+04  1.16977621e+02 -1.25874351e+03 
 4.39490252e+04  7.36146064e+01 -1.00091047e+03 
 5.54476222e+04  4.62291202e+01 -7.94946813e+02 
 6.99546528e+04  2.89675127e+01 -6.30893186e+02 
 8.82572284e+04  1.81004538e+01 -5.00459277e+02 
 1.11348396e+05  1.12643519e+01 -3.96873962e+02 
 1.40481017e+05  6.96608535e+00 -3.14669833e+02 
 1.77235748e+05  4.26435738e+00 -2.49463003e+02 
 2.23606798e+05  2.56652267e+00 -1.97753572e+02 
 2.82110130e+05  1.49975901e+00 -1.56754894e+02 
 3.55919974e+05  8.29663681e-01 -1.24251954e+02 
 4.49041045e+05  4.08929062e-01 -9.84859644e+01 
 5.66525835e+05  1.45027787e-01 -7.80613270e+01 
 7.14748740e+05 -2.01169587e-02 -6.18711165e+01 
 9.01751925e+05 -1.22921202e-01 -4.90376390e+01 
 1.13768166e+06 -1.86201265e-01 -3.88651383e+01 
 1.43533884e+06 -2.24282964e-01 -3.08022118e+01 
 1.81087351e+06 -2.46266784e-01 -2.44119359e+01 
 2.28466114e+06 -2.58103343e-01 -1.93480811e+01 
 2.88240813e+06 -2.63838158e-01 -1.53361691e+01 
 3.63654657e+06 -2.66266684e-01 -1.21584658e+01 
 4.58799391e+06 -2.67259267e-01 -9.64220328e+00 
 5.78837304e+06 -2.67999890e-01 -7.65036351e+00 
 7.30281319e+06 -2.69248787e-01 -6.07439651e+00 
 9.21348368e+06 -2.71613150e-01 -4.82838923e+00 
 1.16240522e+07 -2.75790188e-01 -3.84436095e+00 
 1.46653094e+07 -2.82781568e-01 -3.06844554e+00 
 1.85022655e+07 -2.94096662e-01 -2.45774083e+00 
 2.33431031e+07 -3.11942912e-01 -1.97759141e+00 
 2.94504725e+07 -3.39321812e-01 -1.59902758e+00 
 3.71557427e+07 -3.79717586e-01 -1.29603531e+00 
 4.68769801e+07 -4.35504606e-01 -1.04248151e+00 
 5.91416321e+07 -5.03256901e-01 -8.09633063e-01 
 7.46151445e+07 -5.64424931e-01 -5.69021941e-01 
 9.41370671e+07 -5.78602099e-01 -3.10446002e-01 
 1.18766605e+08 -5.06356361e-01 -6.92393392e-02 
 1.49840089e+08 -3.62317225e-01  9.14794172e-02 
 1.89043479e+08 -2.11583856e-01  1.51238380e-01 
 2.38503843e+08 -1.01447260e-01  1.45014045e-01 
 3.00904761e+08 -3.72398349e-02  1.14919518e-01 
 3.79631936e+08 -4.97010267e-03  8.41596096e-02 
 4.78956883e+08  9.61262922e-03  6.01703771e-02 
 6.04268698e+08  1.56505350e-02  4.32274089e-02 
 7.62366453e+08  1.79357562e-02  3.16120425e-02 
 9.61828090e+08  1.86977809e-02  2.36066687e-02 
 1.21347584e+09  1.88918548e-02  1.79691733e-02 
 1.53096342e+09  1.89010170e-02  1.38958778e-02 
 1.93151682e+09  1.88694272e-02  1.08849059e-02 
 2.43686895e+09  1.88481045e-02  8.62137282e-03 
 3.07443880e+09  1.88552965e-02  6.90176875e-03 
 3.87881916e+09  1.89006277e-02  5.58810457e-03 
 4.89365346e+09  1.89945251e-02  4.58013935e-03 
 6.17400378e+09  1.91513989e-02  3.79718441e-03 
 7.78933837e+09  1.93889086e-02  3.16435335e-03 
 9.82730080e+09  1.97225307e-02  2.60131658e-03 
 1.23984652e+10  2.01537907e-02  2.01539680e-03 
 1.56423359e+10  2.06534318e-02  1.30456316e-03 
 1.97349162e+10  2.11478955e-02  3.75102926e-04 
 2.48982582e+10  2.15217772e-02 -8.31192750e-04 
 3.14125104e+10  2.16393102e-02 -2.31679456e-03 
 3.96311181e+10  2.13709480e-02 -4.02595129e-03 
 5.00000000e+10  2.06115515e-02 -5.85145475e-03 
